generation,hfitness
0,1.7825311942959002e-05
1,1.7825311942959002e-05
2,4.963419597565939e-06
3,4.963419597565939e-06
4,4.963419597565939e-06
5,4.963419597565939e-06
6,4.963419597565939e-06
7,4.963419597565939e-06
8,4.963419597565939e-06
9,4.963419597565939e-06
10,4.963419597565939e-06
11,4.963419597565939e-06
12,4.963419597565939e-06
13,4.963419597565939e-06
14,4.963419597565939e-06
15,4.963419597565939e-06
16,4.963419597565939e-06
17,4.963419597565939e-06
18,4.963419597565939e-06
19,4.963419597565939e-06
20,4.963419597565939e-06
21,4.963419597565939e-06
22,4.963419597565939e-06
23,4.963419597565939e-06
24,4.963419597565939e-06
