generation,besttime
0,215275
1,215142
2,216774
3,216774
4,216846
5,214927
6,214927
7,186517
8,186517
9,186517
10,186517
11,186517
12,186517
13,186517
14,186517
15,186517
16,186517
17,9999999
18,9999999
19,9999999
20,9999999
21,9999999
22,9999999
23,9999999
24,9999999
25,9999999
26,9999999
27,9999999
28,9999999
29,9999999
30,9999999
31,9999999
32,9999999
33,9999999
34,9999999
35,9999999
36,9999999
37,9999999
38,9999999
39,9999999
40,9999999
41,9999999
42,9999999
43,9999999
44,9999999
45,9999999
46,9999999
47,9999999
